1	180.6	111.2
1	64.2	-60.7
1	157	-117.8
1	115.7	161.5
1	117.5	-79.2
1	146.5	314.7
1	80.2	117
1	226.6	28.5
1	201	63.2
1	244.3	249.1
1	120.9	93.2
1	196.8	202.2
1	117.2	-51
1	248.1	253.8
1	43.5	35.6
1	148.9	119.7
1	147.1	26.6
1	208.3	151.4
1	79.5	128.6
1	68.2	143.2
1	-7.5	204.5
1	59.8	203
1	114	440.6
1	152.6	258.1
1	55.2	153.5
1	117.8	147.9
1	166.6	70.6
1	261	198.3
1	118.4	79.4
1	114.8	257.4
1	75.7	14.7
1	186.9	9
1	180.9	5.7
1	-7.4	224.8
1	68.5	40.4
1	-2.6	65.8
1	97.6	65
1	43.6	186.4
1	174.9	220.5
1	126.4	84.8
1	56	-63
1	142.4	259.5
1	235.5	-94.3
1	136.3	-50.2
1	199.3	142.4
1	138.1	73.7
1	209.4	124.6
1	212.8	135.1
1	37.5	306.5
1	115.9	56.5
1	101.7	25.6
1	85.4	38.8
1	101	55.8
1	87.8	-31.8
1	171.9	27
1	110.1	-170.9
1	18	142.9
1	159.8	-2.2
1	20.9	101.3
1	264.2	131.9
1	44.8	130.5
1	104.3	167.2
1	-249.2	-132.5
1	37.1	293
1	58	38.7
1	133.3	195.3
1	24.3	111.5
1	74.2	222.9
1	6.3	251.5
1	16.2	28.4
1	108.9	294.3
1	-45.8	-86.6
1	119.4	93
1	139.7	-17.9
1	142.7	7.3
1	116.4	170
1	177.4	206.6
1	-52.8	179.9
1	-44.2	-18.7
1	186.6	18.8
1	194.9	171.7
1	-62.3	92.8
1	115.4	102.9
1	81.1	20
1	18.2	141.1
1	124.6	39.9
1	105.1	27.4
1	99.7	87.8
1	14.7	3.9
1	87.4	88.6
1	154.1	-7.1
1	90.4	154
1	-72.2	184.8
1	141.2	182.7
1	13.1	129.1
1	177	17.7
1	323.3	213.3
1	158.2	136.3
1	232	45.5
1	129.3	-123
1	27.8	101.6
1	150.2	328.9
1	127.7	198
1	71.4	-45.1
1	189.2	105.9
1	182.9	142.6
1	171.9	238.1
1	169.4	160.6
1	147.3	176.9
1	272.4	62.9
1	154.5	2.9
1	58.4	164.8
1	-103.3	-55
1	191.5	42.3
1	76	26.1
1	53.2	353.9
1	81.4	97.1
1	104.5	-40
1	11.1	-2
1	-72.2	156.9
1	430.2	262.7
1	188.2	171.7
1	56.5	26.5
1	26.8	-21
1	-49.3	81.1
1	-19	280.1
1	165.8	-29.6
1	18.9	185.8
1	151.4	102.1
1	92	12.1
1	22	16.1
1	139.7	-138.8
1	167.8	-1.8
1	271	85.2
1	0.8	-69
1	43.9	33.2
1	209.8	44.3
1	80.3	14.5
1	126	259.1
1	-47.5	-19.6
1	151.7	-60.4
1	202.6	152
1	52.6	43.7
1	60.5	211.1
1	88.4	43.4
1	101.9	107
1	145	221.9
1	17.2	320.9
1	76.1	0.1
1	162	109.2
1	166.4	125.6
1	65.5	145.2
1	90.7	146.7
1	209.4	21.4
1	146.2	173.5
1	-107.2	79.4
1	180.8	205.6
1	-113.8	-34.2
1	50.8	125.5
1	24.1	68.7
1	151.5	228.7
1	115.3	195.4
1	102.6	112.4
1	-3	160.8
1	229.6	266.8
1	103.9	75.5
1	109.6	61.2
1	95.3	171.2
1	14.7	74.2
1	129.7	84.9
1	284.9	155.5
1	112.6	218.6
1	36.4	-24.1
1	10.7	42.8
1	162.4	-157.4
1	-28.8	238.3
1	153.1	147.9
1	220.9	112.3
1	60.2	143.7
1	-47.7	75.4
1	183.5	128
1	219.4	209.1
1	17.7	243.9
1	24.4	143.1
1	47.9	79.7
1	184.9	78.6
1	136.5	74.5
1	184.3	151
1	77.2	115.7
1	98.4	153.7
1	113.9	188.9
1	133.2	110.3
1	137.2	253.5
1	122.1	6.8
1	17.3	48.6
1	82.9	53.4
1	43.1	147.3
1	-29.1	-85.4
1	-5.6	-33.7
1	101.7	17.7
1	98.2	348.4
1	-46.5	20.4
1	36.1	-95.6
1	179.5	141.6
1	-46.3	-77
1	-110.7	24.1
1	-71.7	2.1
1	66.2	105.5
1	192.7	-26.8
1	105.1	56.2
1	66.3	305.7
1	-34.8	-11.4
1	86.4	-10.1
1	120.6	215.5
1	127.7	74.5
1	-28	137
1	28.7	168.6
1	127.4	105.7
1	-15.6	141
1	75.8	113.1
1	94.7	86.6
1	115.7	46.6
1	-114	83.5
1	-65.3	206.3
1	228.4	-18
1	77.2	155.7
1	108.5	171.1
1	137.2	124.7
1	21.8	-22.9
1	173.8	201.6
1	246.7	187.9
1	87.5	117.1
1	303.6	189.7
1	96.6	240.4
1	4.9	171
1	208.2	94.3
1	97.9	145.1
1	162.4	96.3
1	-6.3	137.1
1	313.7	436.9
1	277.8	5.9
1	10.6	93.2
1	43.5	-34.3
1	151.8	169.2
1	-129.7	-2.9
1	-10.2	4.4
1	124	-53.6
1	224.4	103.9
1	151.6	47.5
1	-63	209.2
1	163.8	206.1
1	98.3	178.7
1	88.2	193.3
1	139.3	220.3
1	149.8	168.6
1	12.8	53.9
1	138.5	49
1	335.2	74
1	-57.4	132.8
1	158.1	115.5
1	127.6	144.9
1	271.4	50.5
1	256.1	19.3
1	49.4	128.4
1	182.8	77.9
1	34.1	85.8
1	80.2	275.9
1	-2	183.2
1	52.5	-33.4
1	36.3	193.4
1	67.8	123.4
1	166.7	239.5
1	33.3	150.7
1	108.5	79.7
1	52.4	35.3
1	77.2	240
1	43.2	-53.3
1	112.8	-254.5
1	270	62.5
1	204.7	174.7
1	216.5	31.1
1	191.7	-119.9
1	57	125.2
1	193.9	222.1
1	140.2	-55.5
1	138.5	126.5
1	-5.6	210.6
1	150	15.2
1	45	193.9
1	-40.7	-73.2
1	71	139.8
1	-11.4	175.7
1	-53.9	99.5
1	117.4	6.7
1	20.2	211.1
1	106.5	93.4
1	103.2	100
1	270.1	55.4
1	183.3	114.8
1	158.2	136.7
1	101	131.6
1	157.4	-59.3
1	43.5	146.5
1	71.4	-70.5
1	88.6	58.4
1	40	124.5
1	-1.5	267.6
1	4.1	71
1	152.8	158.6
1	-90.6	184.1
1	141.8	-22.2
1	12.6	41.7
1	93.5	168.4
1	246.6	145.3
1	224.8	69.9
1	-136.5	-77.4
1	-22.3	100.6
1	59.3	245.7
1	45.9	-192.9
1	273.8	186.4
1	12.2	160
1	81.9	3.6
1	52.2	212.8
1	128.5	200.4
1	179.5	192.8
1	71.8	152.9
1	172.2	298.5
1	205.7	451.7
1	-17	23.4
1	147.7	88.6
1	190.1	114.9
1	74.1	-42.9
1	278.8	213.8
1	84.2	120.9
1	48.5	59.8
1	298.2	268.6
1	190.5	100.4
1	89.6	130
1	168.3	286.8
1	126.4	123.2
1	234.8	-5
1	172.9	33.4
1	251.4	224.5
1	-13.1	-57
1	52.7	193.7
1	41.2	-43.5
1	170.9	136.8
1	178.5	-32.5
1	118.9	161.3
1	301.1	109.3
1	-25	100.8
1	179.7	-93.4
1	122	92.8
1	112.2	131
1	5.2	160.5
1	155.2	67.9
1	-67.2	208.3
1	150.8	18.1
1	134	93.2
1	-29.1	-54.2
1	124.5	-66.7
1	169.9	127.1
1	34	39.9
1	243.4	15.6
1	96.4	30
1	29.4	223.3
1	63.3	151.5
1	16.5	149.6
1	156.6	26.5
1	14.8	40.2
1	26.9	116.5
1	304.8	109.2
1	275.9	256.3
1	28.4	164.5
1	297.7	105.9
1	-9.7	102.3
1	-34.7	153.5
1	28.2	117.8
1	-4.7	53.9
1	102.9	-28.4
1	42.2	200.2
1	87.9	111.4
1	116.5	123.8
1	125.5	120.7
1	166.5	136.7
1	123.9	86.8
1	226.1	30.9
1	195.9	97.1
1	71.6	-125
1	77.1	163
1	39.8	113.3
1	178.7	-14.2
1	51.8	-1.8
1	116.8	78.6
1	211.7	212.9
1	-20.9	197.7
1	123.4	-147.7
1	175.6	144.2
1	53.5	9.6
1	150.1	241.9
1	-17.7	174.6
1	164.6	91.9
1	274	145.9
1	-28.7	127.3
1	155.6	5.8
1	118	267.5
1	131.1	330.3
1	25.2	134.5
1	-57.1	-22.1
1	104.9	107.5
1	-76.8	-106.5
1	116.5	24.6
1	147.6	-49.5
1	317	65.5
1	126.3	-19.8
1	192.6	203.1
1	198.1	33.9
1	131.7	321.9
1	102.3	100.3
1	239	148.3
1	-71.4	72.6
1	90.6	278.2
1	292.1	-117
1	143.4	48.8
1	46	173.5
1	69.1	104.6
1	59.9	44.7
1	150.2	-26.6
1	233.1	0.4
1	2.4	140.5
1	27.3	108.1
1	136.4	139.1
1	45.6	192.4
1	9.1	152.8
1	235.8	188.9
1	233.2	25.2
1	235.8	32.2
1	-21.8	246.8
1	284	-70.4
1	85.9	41.7
1	11.7	162
1	-64.3	258.4
1	38.5	30.2
1	235.5	97.2
1	183.9	49.2
1	-66	174.9
1	163	204.1
1	-35.7	38
1	10.6	113.9
1	87.1	185.5
1	-31.5	118
1	224.7	87.4
1	249.2	69.6
1	-28.1	61.2
1	37.7	131
1	237.4	85.2
1	66.9	-209.5
1	-10.3	276.6
1	-93.1	106.2
1	82.4	133.9
1	114	301.9
1	85.9	178.2
1	98.7	263.2
1	236.3	137.9
1	18.9	170.5
1	78	4.3
1	189.9	185.9
1	186.7	-28.2
1	311.9	221.4
1	136.8	81
1	122.5	-7
1	-4	-47.7
1	8.6	393.9
1	255	221.1
1	339.5	52.8
1	99.2	151.7
1	318.1	185.7
1	107	152.6
1	0.7	85.5
1	81.1	92.5
1	-34.9	-11.6
1	81.2	129.4
1	72.7	267
1	-57.8	164.8
1	42.6	9.1
1	109.8	207.1
1	23.5	31
1	4.5	34.3
1	-26.5	57.4
1	97.3	-28.8
1	144.8	131.5
1	178.4	185.4
1	-158.7	-51.5
1	77.2	94.9
1	124.3	198.6
1	-35.4	12.4
1	35.1	50.1
1	164.7	206.4
1	94.8	275.1
1	8.4	166.6
1	60.8	17.3
1	-50.6	150.3
1	120.3	298.9
1	98.3	198.7
1	-8.7	230.6
1	246.2	210.8
1	62.6	142.7
1	37.1	168.7
1	238.6	47
1	-72.3	172.4
1	127.4	63.7
1	44.6	111.6
1	192.2	171.2
1	21.4	-4.2
1	175.9	-81.5
1	90.4	223.3
1	-9.2	60.4
1	116.7	93.1
1	247.2	81.7
1	184.3	347.1
1	108.6	170.7
1	122.6	285.9
1	129.8	79.7
1	10.6	144
1	13.4	123.6
1	71.3	267.6
1	338.9	-42.5
1	-47.5	28.7
1	115	182.7
1	-93.2	282.8
1	-81.1	60.2
1	205.6	200.1
1	67.1	238.7
1	169.9	41.5
1	283.7	-24
1	148.8	48.3
1	192.3	183.3
1	89.4	30.7
1	105.7	182.4
1	8.1	352
1	195	115.6
1	118.5	178.5
1	11.8	109.1
1	123.1	158.9
1	49.1	36.5
1	15.9	35.5
1	120.6	83.1
1	-32.2	-66.1
1	126.5	282.4
1	51.3	87.3
1	88.6	140.3
1	82.9	182.5
1	-34.8	236.4
1	92.1	199.1
1	248.3	42.5
1	225.7	118.4
1	-48.5	155.9
1	105.9	-117.6
1	15.8	299.9
1	119.1	139.1
1	95.7	173.3
1	109.2	199.5
1	58.4	36.4
1	9.6	53.2
1	19.1	160.9
1	-75.5	170.6
1	129.1	110
1	29.3	266.6
1	241.8	195.9
1	128.8	108.6
1	145.2	289.5
1	-19.3	169.8
1	-69.4	301.3
1	250.1	32.4
1	210.4	54.3
1	124.5	226.9
1	59.8	36.6
1	93	170.9
1	216	-0.3
1	102	-103.1
1	131.9	-35.6
1	184.8	268.5
1	-7.5	64.7
1	166.7	136.7
1	83.7	141.4
1	243.6	-112.3
1	68	68.3
1	-9.6	65.5
1	275	63.7
1	14.6	333.3
1	7.9	86.4
1	80.2	-27.2
1	-123	-138.9
1	148	201.6
1	135.3	200.2
1	0.1	144.3
1	216.4	7
1	118.3	-42.2
1	153.3	339.6
1	169.8	152.5
1	46.5	-145.2
1	187.5	109.7
1	-41.9	35.2
1	88	183.4
1	-11.7	243.6
1	220.3	246.2
1	164	18.8
1	30.2	131.3
1	-32.9	239.6
1	102.6	87.7
1	185.1	-35.7
1	43.9	-90
1	151.8	77.8
1	216.9	8
1	223.9	-124.3
1	-42.6	101
1	136.6	103.7
1	135.7	-24.8
1	105.6	-98.6
1	144.7	109.8
1	174.3	135.9
1	85	26.8
1	140.7	32.6
1	42.3	267.2
1	4.6	24.6
1	87.7	72.6
1	-60	131.1
1	134.3	-24.8
1	-175.8	175.1
1	142.8	-31
1	144.5	251.2
1	18.6	163.7
1	73.2	52.8
1	140.3	93.1
1	183	149.6
1	64.3	16
1	-63.3	109.1
1	110.5	121.5
1	154.9	61.2
1	36.2	19.7
1	170.7	56.8
1	287	163.4
1	240.9	36.2
1	-29.1	129.8
1	70.1	142.1
1	-62.2	102.5
1	301.1	55.1
1	105.1	-10.9
1	94.2	175.7
1	39.9	16
1	120.7	156.8
1	35.7	63.2
1	54	-76.2
1	249	45.1
1	386.3	150.7
1	75	162
1	262.5	103.8
1	33.3	148.5
1	-50.1	128.2
1	31.5	181.2
1	64.6	-190.4
1	33.3	99.5
1	149.9	246.3
1	92.3	302.1
1	133.2	104.1
1	4.5	302.4
1	159.4	217.1
1	69.9	-14.3
1	306.2	23
1	234.7	157.1
1	223.9	56.1
1	265	2.7
1	106.9	40.1
1	126.9	65.1
1	283.1	110.1
1	127	215.4
1	86.7	-108.9
1	229	14.9
1	151	166.4
1	55.1	139.2
1	88.6	149.6
1	269.1	182.1
1	98.9	140.9
1	90.5	200.4
1	155.8	-33.4
1	-158.9	137.8
1	47.9	175.7
1	100.8	210.7
1	272.6	32.4
1	97.1	226
1	62	9.4
1	-7.8	156.1
1	157.3	81
1	-28	206.3
1	195.8	138.2
1	132.3	77.6
1	188	259.1
1	-99.6	155.4
1	-110.8	181.1
1	89.2	191
1	-30.2	266.5
1	197.5	142.1
1	-16.4	219.9
1	25.4	-4
1	77	79
1	257	155.2
1	31.9	-143.2
1	36.2	8.4
1	82.2	-35.3
1	114.5	87.1
1	102.6	38.2
1	39.8	191.2
1	430	230.1
1	-40.1	125.8
1	88.7	52.6
1	54.2	93.2
1	55.4	111
1	182.2	142.8
1	0.5	19.1
1	17.7	4.1
1	74.1	237.5
1	76	37.1
1	23.8	114.3
1	73.2	44.7
1	238.8	115.1
1	126.6	127.5
1	168.6	74.2
1	-115.3	12.6
1	140.3	-78.4
1	-2.8	144
1	211.7	26.3
1	-11.2	263.9
1	104	79.4
1	236.5	55.6
1	281.7	108
1	125.3	107.2
1	-23.3	68
1	158.9	-74.1
1	90.7	166.6
1	75.5	201.5
1	293.4	209.6
1	-57.6	183.2
1	4.9	-55.8
1	209.9	116.7
1	-138	85.6
1	-2.7	143.2
1	68.2	148.1
1	209.9	216.9
1	169.2	231
1	109.9	-40.5
1	209.7	117.5
1	266.1	87.9
1	115.8	227
1	168.9	4.8
1	97.5	10.4
1	108.6	6
1	200.2	-4.9
1	133.7	-75
1	175.5	275.7
1	165.6	15.2
1	385.7	192
1	19.3	196.9
1	114.6	-59.1
1	90.7	-42.9
1	97.1	66.1
1	-55.7	132.6
1	93.9	125.9
1	126.6	0
1	161.9	-64.2
1	48.4	194.8
1	-14.4	4.4
1	84.3	-21
1	57.2	-46.3
1	223.1	118.5
1	108.6	11.3
1	161.3	36.6
1	227.2	249
1	7.3	17.1
1	-106.5	169
1	-66	80.5
1	-67.4	-72.4
1	252.9	64.2
1	202.3	140.9
1	45.7	148.7
1	75.9	134.3
1	38.6	310.4
1	78.3	-19.4
1	66.1	137.8
1	168.7	73.1
1	136.6	77.6
1	49.9	173.7
1	-119.6	288.8
1	34.5	118.9
1	265.2	294.4
1	36.5	81.5
1	58.7	170.2
1	92.2	284.2
1	48.4	28
1	85.3	97.3
1	90.2	92.9
1	211.5	18.4
1	225	78.9
1	31.2	91.9
1	-69.6	184.1
1	278.2	-25.9
1	-67	149
1	97.9	62.4
1	238.6	91
1	67.7	60.2
1	106.7	234.8
1	385.8	54.7
1	3.1	-15.6
1	102.4	-161
1	96.3	101.4
1	125.8	5.2
1	31.2	89.4
1	70.6	108.2
1	0.2	-50.9
1	14.1	298.2
1	73.7	208.8
1	194.6	189
1	232.5	47
1	146.3	174.8
1	223.1	161.5
1	83.3	229.4
1	18.2	71.1
1	-18.8	438.4
1	135.8	70.6
1	199	78
1	295	137.2
1	155.2	88.2
1	201	188.3
1	1.8	203.3
1	166.7	52.3
1	194.5	-3.7
1	133.9	-104.7
1	112.5	-68.1
1	34.8	169.6
1	238.4	125.1
1	277.5	125.6
1	379.5	115.2
1	-34.7	155.6
1	174.4	41.6
1	102.2	128.3
1	154.2	245.9
1	260.2	-25.7
1	42.2	-83.6
1	152	65.4
1	69.5	-22.7
1	-28.3	-49.5
1	216.8	63.3
1	314.5	183.3
1	36.4	-17.8
1	-37.4	46.1
1	160.5	-31.9
1	58.1	95.6
1	22.4	-134.2
1	109.8	97.2
1	-27.5	306.2
1	114.9	37.6
1	34.3	46.6
1	149.9	-154.2
1	284.9	127
1	114.7	104.1
1	65.8	-27.8
1	26.5	106.3
1	56.6	5.3
1	206.3	-1.3
1	73.1	241.6
1	-25.2	107
1	10.2	128.9
1	69	38.9
1	153	54.5
1	-75.8	90.4
1	159.1	110.8
1	70.2	220.2
1	42	-173.2
1	135.9	56
1	224.2	59.2
1	139.1	76.6
1	159.9	98.8
1	-3.4	197.7
1	122.6	-79
1	257.2	120.4
1	247.4	335.9
1	2.7	195.6
1	39	160.8
1	90.2	219.1
1	-72	161.8
1	-11.8	15.2
1	56.4	104.6
1	150.9	136
1	163.8	16.4
1	-27.2	149.8
1	162.1	160.7
1	166.9	74.8
1	296.6	40.4
1	-23.8	36.2
1	166.4	174.2
1	-1.1	15.4
1	-55.9	193.6
1	263.3	100.1
1	84.7	144.1
1	74.1	62.5
1	-43.6	132.5
1	162.1	56.5
1	70.7	195
1	295.7	140.7
1	100.8	236
1	57.7	100.3
1	67.9	114.7
1	163.4	30.5
1	240.9	122.4
1	60.7	153.3
1	100	213.4
1	115	145.7
1	-94.8	124.6
1	240	13.5
1	209.8	124
1	-35.9	83.9
1	13	143.4
1	73.9	41.8
1	141.8	163.2
1	96.9	160.4
1	-98.8	131.3
1	91.7	114.2
1	36.8	50.5
1	146.1	-29.9
1	-19.4	43.3
1	106.3	80.6
1	211.1	143.9
1	187.5	154.2
1	118.6	-16.9
1	84.6	107.4
1	323.8	122
1	-8	32.5
1	-17.8	104.6
1	323	10.2
1	152.5	-87.1
1	-7	53.3
1	-32.7	149.6
1	0.4	86.6
1	233.8	158.9
1	154.6	83.2
1	137.4	209.8
1	45.8	78.5
1	161.7	45.6
1	66	150.3
1	126.3	152.8
1	83	16.7
1	103.7	-19.7
1	-40.8	95.4
1	-109.5	254.1
1	155	145
1	81.5	49.5
1	77	168.4
1	77.5	115
1	-109.5	45.4
1	140	66.2
1	90.1	-74.6
1	157.3	98.7
1	138.4	119.4
1	-3.4	-45
1	137.4	131.9
1	44.2	166.2
1	93.8	227.5
1	160.9	264
1	-41.4	148.1
1	229.9	242
1	138.7	282.8
1	54.3	194.4
1	-27.8	141.4
1	79.9	111.9
1	-12.9	64.4
1	60	167.4
1	221	111.7
1	190.4	69.7
1	241	-35.7
1	171.5	205.8
1	16.1	-41.7
1	46.8	148.2
1	45.1	111.9
1	194.6	103.5
1	15.7	189.6
1	176.6	53.2
1	102.4	178.3
1	366.8	-90
1	-24.7	8.9
1	177	71.8
1	111.3	208.8
1	178.3	239.5
1	48	173.3
1	214.2	127.5
1	-57.6	222
1	132.6	21.5
1	256.1	181.1
1	62.4	85.3
1	146.4	12.3
1	130.6	73.8
1	54.8	62.2
2	-153	-21.9
2	-249.6	-55.1
2	93.9	-1.2
2	-156.6	64.5
2	22.7	86.8
2	-18.3	183.4
2	-158.6	-66.5
2	-238.6	79.2
2	15.8	115.4
2	-289.2	-94.3
2	-45.8	154.3
2	-218.3	205
2	-168.5	115.6
2	-193.1	129.1
2	-153.8	103.8
2	-22	-1.7
2	-17.4	174.7
2	-5.6	27.8
2	-35.2	120.6
2	-373.5	40.8
2	28.9	342.6
2	-199.1	6
2	-196.4	-36.8
2	-143.6	164.9
2	28.9	112.2
2	-114.3	17.6
2	-142.3	54.7
2	24.4	92.4
2	-47.4	111.4
2	13.7	19.9
2	-127.1	200.8
2	76.1	-113.8
2	-129.3	-111.4
2	-283.5	137.1
2	74.7	131.4
2	-136.9	-153.2
2	-121.7	364.3
2	-185.2	89.1
2	-20.4	-43.1
2	-132.5	51.1
2	-152.1	-36.5
2	-90.6	104.2
2	-141.7	158.1
2	-111.3	114.6
2	-176.1	87.3
2	-122.1	179.6
2	38.2	-48.5
2	-307.9	-4.1
2	-207.4	197.8
2	-224	114.7
2	28	120.8
2	4.2	120.5
2	-149.1	239.4
2	9.9	134.5
2	-121.5	25
2	-146.6	11
2	-158.3	104.2
2	-125.7	98.3
2	-141.7	296.9
2	-171.3	0.8
2	18.7	-9
2	95.9	394.7
2	-45.9	159.3
2	-108.1	295.8
2	-270.5	1.9
2	-57.6	-8.9
2	-14	-14.2
2	-273.5	5.2
2	-69.6	92.9
2	-118.4	186.2
2	-10.4	205.8
2	20.3	157.2
2	-179.8	101
2	-124.5	30
2	-49.5	74.6
2	-124.7	65.6
2	83.2	-33.6
2	-223.1	228.5
2	-219.3	151.4
2	-174.9	28.4
2	-25.1	282.9
2	-113.7	129.9
2	-320.6	74.7
2	-17.8	13.5
2	-96.4	129.3
2	-167.1	199.5
2	-144.7	-1.1
2	-66.7	379.6
2	-178.7	186.8
2	-138.4	274.4
2	-137	85.9
2	-29.8	17.8
2	-108.4	73.3
2	-367.8	111.3
2	-26.8	-36
2	-114.4	120.1
2	-89.4	7.6
2	40.7	178.5
2	-76.3	-6.2
2	1	-73.3
2	-35.3	85.5
2	-245.7	71.8
2	-17.3	-8.2
2	-328.2	-64
2	-21.5	6.2
2	-166	92.2
2	-265.2	109.6
2	-132.9	158.7
2	-220.1	118.2
2	-168.1	193.2
2	28.1	113.7
2	15.1	107.4
2	-52.1	179
2	-253.2	91.2
2	-196.3	322
2	-214.5	112.1
2	-129.5	167.6
2	43.2	135.9
2	33.4	63.5
2	-241.5	26.9
2	-25.5	124.5
2	76.6	110
2	-86.8	165.8
2	-168.6	214.5
2	-173.4	50.9
2	-196.1	39.1
2	22.5	-20.4
2	-221.6	95.6
2	-219.2	24.6
2	-41.2	154.2
2	54.2	19
2	47.2	178.8
2	-90.3	103.5
2	-102.2	102.1
2	-72.5	-152
2	-176	-14.9
2	-195.3	64
2	-108.5	-34.2
2	1.1	336.4
2	-93.1	105.6
2	15.1	-107
2	-12.7	16.7
2	-106.4	-62.6
2	-66.1	325.7
2	-194.8	82.5
2	-140.3	-60.4
2	-105.7	244.2
2	-126.6	227.8
2	-170.2	57.3
2	-17.1	120
2	-215.9	-58.2
2	20.5	30.3
2	-210.7	-5
2	61	119.1
2	26.9	108.2
2	-74.5	27.8
2	-188.2	224.3
2	-149.3	11.4
2	-127.1	184.3
2	-282.4	97.5
2	-40.2	182.2
2	8.1	23.5
2	-26.8	197.8
2	-175.3	40.8
2	-108.4	117.2
2	-75.8	-7.8
2	-79.8	134.5
2	-67.6	-5.3
2	-326.9	124.3
2	-160.8	46.7
2	36	146.2
2	2.9	298.2
2	-115.2	133.2
2	-5.7	221.3
2	40.9	98.5
2	-20.4	108.6
2	0.7	201.5
2	14.5	172.2
2	-125.5	259.9
2	-139.5	146.2
2	-66.7	82.8
2	-2.5	71.9
2	-41.5	-73.6
2	-134.1	152.4
2	-18.7	15.1
2	-236	-48.6
2	37.4	63
2	-172.7	79.3
2	-57.3	197.7
2	-257.5	0.5
2	-167	212.5
2	5.8	164.8
2	-96.7	186.4
2	-139.5	33.1
2	137.3	40.1
2	-194.6	95.1
2	139	-119.3
2	-180.4	222.5
2	-213.4	146.4
2	49	133.8
2	-232.2	76
2	-200	66.7
2	-114.5	-61.5
2	-163.7	208.9
2	-146	-11.2
2	-111.6	85.2
2	-15.2	69
2	73.7	51.3
2	-16	-13.5
2	-149.1	146.4
2	-250	82.6
2	72.2	331
2	-52.4	198.2
2	-22.4	201.9
2	-359.4	280.6
2	-13.6	84.8
2	-202.7	-10.1
2	-202.5	82.1
2	-71.4	178.1
2	136.8	18
2	-200.6	175.6
2	-42.5	-39.7
2	-147.7	129.9
2	44.4	-80.5
2	-2.4	172.5
2	-136.5	143
2	100.9	78.5
2	-160.6	83.8
2	-10.5	112.9
2	-52.4	75.2
2	-76.5	-11.8
2	-112.8	12.4
2	66	171.8
2	-109.9	120.9
2	-128	68.7
2	-78.8	-56.8
2	-113.5	74.8
2	-123.9	142.5
2	-6.1	-47.5
2	-133.3	142.2
2	-171.9	111.8
2	-106.6	-63.3
2	-16.9	71
2	61.7	-13
2	-270.6	136
2	-99.5	-87.1
2	-90.7	151.6
2	-1.8	313.5
2	58.6	72.6
2	95.9	317.2
2	-146.6	99.4
2	-56.1	104.9
2	-144.3	295.6
2	-272.2	128.4
2	-166.5	264.6
2	46.1	26.8
2	-71.2	193.8
2	14	226.5
2	-153.6	-26.6
2	-1.8	-26.3
2	-264	193.3
2	-118.1	-144.7
2	-144.2	19.3
2	-34.7	-38.7
2	-44.7	36.9
2	29.1	266.2
2	-33.5	-62.6
2	-111.6	120.2
2	-179.2	128.6
2	-118.2	-64.1
2	-23.5	83.9
2	20.1	191.1
2	61.7	40.8
2	-206.3	-35.4
2	-247.6	-195.8
2	104	162.4
2	-202.8	32.7
2	-56	39.1
2	-66.1	12.9
2	-5.3	15.4
2	-257.8	73.9
2	-118.4	188.9
2	-86	-45.1
2	-52.5	347.5
2	18.4	37
2	-247.3	123.6
2	-115.6	-7.2
2	-105.5	224.8
2	-116.7	42.1
2	-54.8	130.4
2	-106.5	66.9
2	-107.7	209.9
2	-39	51.4
2	-106.7	84.2
2	-65.3	222.4
2	-79.6	-57.7
2	-225	183.2
2	-98.6	42.3
2	-229.3	201.7
2	-98.2	97.4
2	-15.1	-11.8
2	-90.3	231.1
2	-248.9	280.4
2	-31.3	74
2	-237.2	-83.9
2	-127.9	125.5
2	86	78.8
2	86.1	171.3
2	-103.7	108.9
2	-26.5	170.7
2	-49.8	-55
2	-26.6	145
2	-239	10.6
2	-198.6	14.7
2	-134.7	12.9
2	-261.2	62.6
2	50.2	20.1
2	-341.9	31
2	-184.8	10.1
2	-99.8	53.8
2	-216.5	206.8
2	-20.8	30.5
2	-113.4	119
2	-31.1	178.2
2	-199.9	102.8
2	-95.8	61
2	-121.8	-13.9
2	101.9	134.7
2	-33.7	178
2	-62.4	14.6
2	98.7	195.1
2	-144.3	183.8
2	-158.9	67.5
2	-89.8	129.8
2	-176	284.7
2	-50.3	84.1
2	8.3	1.6
2	-166.7	191
2	-170.8	208.9
2	48.5	139.2
2	-30.5	45.4
2	-164.7	15.1
2	-49	104.5
2	-245.2	103.6
2	-97	98.5
2	-142	48.4
2	-53.6	167.4
2	-180.5	143.3
2	-144.2	16.7
2	-11.7	203.4
2	-240.2	42.5
2	-56	155
2	-32.8	256.2
2	-120.4	179.8
2	-148.2	133.5
2	-52.1	64.3
2	-224.8	97.7
2	-129.2	244.6
2	-33.4	125.6
2	-107.9	146.6
2	-46.6	64.7
2	31.3	207
2	-142.3	407.1
2	0.3	227.5
2	-179.5	96.2
2	-119.5	171
2	-161.7	42.6
2	-198.9	145.4
2	-118.3	9.8
2	52.5	24.9
2	-216.9	-48.5
2	-360.1	121.8
2	-152.3	150
2	7.5	114.4
2	-130.8	-23
2	74.2	106.9
2	-101	-23.1
2	-214.5	27
2	-103	103.1
2	-255.6	163.5
2	-86.3	141.3
2	1.3	154.6
2	-67.2	20.6
2	-124.1	134
2	-219.6	-34.6
2	-22.1	-100.8
2	-64.5	22.5
2	-96.3	199.3
2	-31.5	23.3
2	-75.7	254.6
2	-75.7	108.2
2	-167.2	201.9
2	11.9	203.1
2	-255.7	154.2
2	42.8	178.6
2	3.5	102.9
2	-232.5	17.9
2	-238	59.3
2	-209	39.9
2	-384.3	173.2
2	53.9	145.4
2	-70.6	26
2	-332.4	91.1
2	0.1	45.1
2	-136.2	22
2	-22.5	16.1
2	-141.1	215.5
2	62.9	48.8
2	-89.4	156.3
2	-140.2	83.4
2	-165.2	188.2
2	-260.8	-46.5
2	-129.5	-112
2	-51	-2
2	-65.6	86.9
2	-139.6	124.4
2	71.3	-159.2
2	-91.1	19.7
2	-127.1	111.2
2	-196.7	43.7
2	-181.4	48.6
2	-26	112.6
2	-182.7	79.7
2	-127.8	94
2	88.1	173.6
2	-134.5	78.5
2	-143.9	297.3
2	-140.8	93.8
2	-102	47.6
2	12.8	-35.6
2	-181.6	-4.5
2	-54.9	19.1
2	-27.9	-73.5
2	-357.7	38.3
2	95.9	46.7
2	-95.7	4
2	-153.2	143.5
2	-97.8	102.9
2	-137.5	196.4
2	-151.5	68.2
2	-317.5	169
2	-184.8	209.6
2	-133.1	-23.1
2	-216.8	157.2
2	-152	215.9
2	-72.9	-60.2
2	-6.1	61.4
2	-88.7	271
2	29.7	-138.6
2	-175.4	24.6
2	-246.6	-40.7
2	-113.4	393.2
2	-80	29.8
2	-137.2	111.8
2	36.7	76.8
2	-338.3	-110.8
2	-180.1	-79.2
2	-52.4	252.6
2	114.7	92
2	-64	176.1
2	-301	297
2	-154.9	133.3
2	-25	160.8
2	-295.9	-68.6
2	-77.6	-22.5
2	-166.4	313.4
2	-179.7	-6
2	-125.3	-18.4
2	-107.8	170.4
2	-109.6	162.8
2	-255.6	16
2	-261.7	206.6
2	-74.2	19.3
2	-131.7	77.6
2	-51.2	134.2
2	-20.2	73
2	33.2	79.9
2	-64.9	177.4
2	196.9	93.9
2	-232.7	34.8
2	-107.8	233.2
2	-83.9	81.9
2	-149.8	169.9
2	-85.1	73.6
2	-193.2	182.1
2	-169.7	248.5
2	14.2	334.9
2	-227.6	-24.3
2	-188	207.5
2	-184.2	211.5
2	-56.4	7.3
2	92	119.6
2	-153.7	33.2
2	-176.5	160.1
2	-115.5	206.6
2	-219.2	85.4
2	-220.9	-64.9
2	-127.7	122.7
2	-83.9	-42.6
2	-170.4	128.8
2	-129	47.2
2	-18.8	135
2	-14.7	74.7
2	-135.1	118.7
2	-295	177.1
2	-255.3	203.5
2	-148	169.2
2	-117.8	45.5
2	-203.3	-0.3
2	-118.5	115.8
2	-38.7	87.5
2	-237.4	96.7
2	-75.4	-77
2	-274.6	75
2	-91.1	206.4
2	-190.1	79.2
2	-106.2	33.6
2	-178.9	148.7
2	-120.8	103.4
2	-84.1	46.6
2	83.1	45.5
2	-178.3	34.5
2	-95.7	120.3
2	-167.7	140.8
2	-178.1	60.4
2	24.6	95.8
2	-191.2	106.7
2	76.1	50.9
2	-106.4	207.6
2	-41.5	210.8
2	25.1	37.4
2	-69.9	32.5
2	86.5	99.4
2	-49.5	-55.8
2	-117.1	11.1
2	-62.3	110.3
2	-78.1	111.2
2	1	177.6
2	-119.8	69.7
2	-47.5	142.8
2	-70.6	61.1
2	-171	203.1
2	-117	-55.6
2	39	34.4
2	-82.5	-22.9
2	12.8	64.3
2	-311.5	102.6
2	-53.8	260.6
2	-80.9	-7.3
2	-163.8	217.1
2	98.7	163.7
2	-121.9	77.1
2	-99.9	38.9
2	-238.4	313.4
2	-6.1	65.9
2	-124.1	101.1
2	-271.5	50.8
2	-237.8	113.5
2	-162.4	237.9
2	-26.2	120.1
2	-185.4	-37.1
2	64.3	-4.2
2	-68.5	192.1
2	-96.6	-60.8
2	-293.7	97.7
2	-9.2	138.7
2	-137.9	246.6
2	-204.5	156.9
2	0.3	213.9
2	27.7	110.6
2	-199	122.6
2	-24.2	50.1
2	-123.8	83.8
2	-147.4	91.5
2	-112.1	189.7
2	-93	155
2	-46.2	168.7
2	-66.7	37.3
2	-34.4	163
2	-108.3	87.5
2	-118.8	95.3
2	-191.9	33.1
2	-124.9	95.7
2	-123	264.9
2	-17.4	97.5
2	-126.6	202.3
2	-125.2	97.8
2	-122.8	199.9
2	-190.9	208.3
2	-249.1	338.2
2	-98.7	212.3
2	-87.5	83.6
2	-30.3	235.9
2	-347.5	69
2	-290.4	17.6
2	-228.9	102
2	-26.5	58.3
2	-29.4	109.2
2	-30.1	-1
2	-92.6	182.8
2	-233.6	50.7
2	39.7	94.5
2	101.2	203.9
2	21.5	68.5
2	-210.8	-57.1
2	-3.2	-22
2	-41.3	77.9
2	-99.8	127.1
2	-92.4	22.6
2	-140.6	230.9
2	-247.2	212.1
2	-211.2	-116.3
2	39.3	123.5
2	-146.3	78.9
2	-178.7	22.3
2	-34.7	43.1
2	-51.2	40.6
2	-123.5	211.6
2	-126.5	52.2
2	-129.7	282.5
2	-208.5	61.4
2	-40.6	130.6
2	-92	152.1
2	-116.8	22.7
2	-37.2	21.5
2	-130.4	70.6
2	-104.3	-11.8
2	-96.6	284.3
2	-170.7	154.4
2	-56.1	194.4
2	-293.5	65
2	86.4	88.5
2	-59.3	-66.8
2	11.7	-41.9
2	-140.6	146.7
2	-127.8	279.2
2	-151.5	116.4
2	-183.1	-165.1
2	-73.9	133.5
2	4.9	196.6
2	-268.1	270.1
2	-17.4	252.6
2	-119.2	-50.3
2	14.8	63
2	-268.8	-0.4
2	57.4	288.2
2	-165.5	27.6
2	-123.5	-144.3
2	-101.9	264.9
2	-180.6	233.7
2	-163.7	166
2	53.5	19.7
2	-161.7	183.6
2	95.3	89
2	-104.4	143.8
2	-262.9	-128.1
2	-55.4	184.4
2	-144.3	108.6
2	-182.1	107.7
2	84.8	203.1
2	-21.6	107.3
2	52.3	79.2
2	-11.3	88.4
2	-31.6	8.9
2	-15.6	42.8
2	-21.5	113.2
2	-224.9	328.8
2	-157	42.6
2	-45.4	246.4
2	68.2	70.9
2	39.8	169.4
2	-115.9	144.1
2	-157.3	99.6
2	93.4	149.8
2	46.3	169.6
2	-105	-80.3
2	-204.6	40.1
2	-164	328.1
2	-34.9	59.1
2	-162.2	106.5
2	-215.5	-57.3
2	-43.1	-48.2
2	-164.7	-45
2	-12	-39.6
2	-256.5	-22.3
2	6.7	151.9
2	-42.8	1.5
2	-8.1	113.4
2	-151.8	23.2
2	-169.4	42.2
2	-203.4	124.5
2	55.5	-24.9
2	-30.5	99.1
2	-100.8	145.9
2	-159.7	280.8
2	-240.2	210.7
2	-236.8	7.5
2	-73.6	57.9
2	48.8	155.1
2	-255.2	76.7
2	-66.3	168.9
2	-135.6	-53.1
2	-56.3	164.2
2	-126.2	57.4
2	-124	38.1
2	14.7	261
2	11.3	22.6
2	-125.5	107.1
2	-203.5	86.4
2	-177.1	-59.8
2	33.7	218.6
2	31.4	164.9
2	29.5	42.4
2	-140.3	33.4
2	-114	247.5
2	-115.6	260.4
2	-282.6	144.2
2	-6.7	113.3
2	-84.9	24.7
2	-28	192
2	-34	-1.4
2	64	5.7
2	-48.3	77
2	-128.9	201
2	-233.2	173.5
2	-217.9	3.6
2	-175	43.7
2	-244.9	179.7
2	-226.8	295.2
2	-46.9	71.5
2	-193	-108.8
2	7.2	196.4
2	-37.3	56.2
2	-133	26.8
2	-164.1	130.3
2	-101.6	41.5
2	-8.7	252.5
2	-119.1	207.1
2	-182.9	142.3
2	-245	157.7
2	7.8	292.2
2	-54.1	187.4
2	-115.4	152
2	-125.7	-42.8
2	-145.6	205.5
2	5.5	-8.9
2	-45.2	207.5
2	-126	-54.8
2	-238.8	-92.2
2	-10.6	-62.2
2	-70.3	1.4
2	-34.6	-47.4
2	-328	204.9
2	-213	104.4
2	-90.6	-45.3
2	-153.9	-6.1
2	-63.1	246.9
2	-309.5	74.8
2	-94.7	119.5
2	-99	120.4
2	-108.2	78.3
2	-131.5	56.8
2	-104.1	69.9
2	30.7	171.4
2	-296.7	137.1
2	-119.3	-4
2	-229.3	213.1
2	-140.2	114.6
2	-145.5	50.7
2	-198.7	174.9
2	-91.1	78.4
2	-157.9	309.5
2	-340.3	82
2	-210.9	45.8
2	-40.2	42.9
2	-0.3	63.7
2	-188.5	32.5
2	-264.2	129.3
2	-39.2	24.5
2	-71.1	315.9
2	96.1	143.4
2	-33.2	237.9
2	-124.9	96
2	-168.1	83.3
2	36.8	274.4
2	-156.3	28.5
2	-171	172.9
2	-191.2	88.9
2	-90.1	174.2
2	165.5	246.6
2	-176.1	26.5
2	-118.1	35.1
2	-173.4	163.7
2	-42.1	222.7
2	77.9	245.7
2	-82	69.7
2	-71.8	-31.3
2	-255.1	127
2	-238.3	-21.3
2	-56.9	146.8
2	-149.1	41
2	-203.8	175.2
2	8.4	305.1
2	-219.7	139.1
2	-115	277.8
2	145.8	41.7
2	-260	62.4
2	5.1	-16.3
2	-251.4	205.5
2	-105.4	202
2	-127.8	208
2	91.8	-21.1
2	17.8	236
2	-269.5	121.2
2	-54.1	28.6
2	-83.7	14.5
2	-63.1	3.4
2	-183.4	9.1
2	-55.4	192.9
2	-159.6	148.2
2	-28.8	79.5
2	11.7	160.5
2	-128.3	23.6
2	-95.6	0.2
2	-162.2	7.1
2	-81.1	190
2	-168.1	149.6
2	-153.7	69
2	-235.5	113.2
2	-255.5	63.7
2	0	43.3
2	-78.8	-50.9
2	-223.2	55.8
2	-40.3	166.8
2	-278.7	50.6
2	-219.4	25.3
2	-26.9	107.5
2	-42.4	254
2	-148.9	279.5
2	53.2	107.6
2	40.4	289.6
2	-225.6	198.8
2	-178.9	52.4
2	-123.6	71.1
2	-211.9	-42.8
2	9.3	-20.1
2	-77.2	314.2
2	-136.3	36.1
2	154	218.4
2	-33.9	61.8
2	14.7	102.5
2	-23.1	8.5
2	-101.5	49.8
2	7.2	97.3
2	-15	58.1
2	-314.3	168.1
2	-99.5	73.1
2	-58.6	301.5
2	43.3	21.4
2	-10.7	162.7
2	-68.5	-60.9
2	-98.5	67.7
2	-90	-17.9
2	-85.6	1.2
2	22.3	163.9
2	-129.9	224.6
2	-232.5	266.3
2	-240.1	-48.9
2	-205.2	227.5
2	-204.8	19.9
2	5.2	-38.7
2	-254.4	163.8
2	21	13.1
2	-82.2	120.9
2	39.5	93
2	-218.8	267.3
2	95.2	115.9
2	-158.3	159.9
2	-70.5	113.8
2	75.1	70.7
2	-17.7	179.6
2	20	-37
2	33.6	-98.8
2	-184.3	92.1
2	-68.2	-25.3
2	-175.4	-53.4
2	-248.2	48.9
2	-129.9	54.4
2	-161.6	232.6
2	-133.5	129.2
2	-197.1	0.3
2	-221.5	-19.4
2	-181.6	-40.2
2	-27.9	215.1
2	-91.6	93.9
2	-107.4	98.5
2	-109.2	-21.5
2	108.1	238.3
2	-116.2	174.7
2	-135.3	76.3
2	38.2	-29.8
2	-137.9	43.2
2	-163.8	301.6
2	36.9	-15.1
2	-157.9	92.7
2	56.2	-44.5
2	40.3	22.4
2	-120.1	280.3
2	20.3	-15
2	-120.9	70.6
2	-150.4	25.6
2	-268	165.6
2	-193.9	112.7
2	-126.5	155.2
2	-144.9	232.7
2	-187.6	-4.3
2	-293.2	118.1
2	-33.2	35.4
2	-239	270.6
2	-147.2	269.3
2	47.7	173.6
2	-142.2	146.4
2	-100.4	277.1
2	-123.8	35.2
2	-163.4	86.5
2	-154.4	167
2	-275.4	122
2	-74.7	-58.9
2	22.8	164.4
2	-99.4	206.2
2	-12.4	11.5
2	-92	-11.1
2	-121.1	188.4
2	-230.7	93.2
2	1.9	123.8
2	-245	112.7
2	-10.5	18.7
2	-125.4	58.5
2	-1.7	176
2	-222.7	262.1
2	-267.6	-9.7
2	-140.8	266.4
2	-176.2	98.4
2	25.9	125.9
2	16.7	-38.4
2	-83.6	34.2
2	-67.6	120.8
2	-95.7	133.9
2	-273.7	160.2
2	-230.6	7.6
2	-68.3	275.6
2	-127.6	162
2	-300.6	204.9
2	-92.6	186.3
2	-14.2	156
2	-161.9	207.6
2	-7	67.3
2	16.4	150.4
2	-155.2	43.7
2	-64.3	194.1
2	-127	29.3
2	-224.1	186.7
2	-237	53.6
2	-114	258.3
2	-118.8	-53.6
2	-125.6	288.1
2	-171.1	71.7
2	-96.7	144.8
2	-178.4	145.2
2	21.1	96.4
2	-223.8	79.8
2	-164.7	98.5
2	-76.4	3.4
2	4.2	94.1
2	35.6	213.2
2	-103.1	136.2
2	-85.5	95
2	-110.8	223.7
2	-126.2	53.7
2	13.8	-113
2	-73.4	7.1
2	-245.1	87.9
2	-199.2	62.9
2	-82.6	178.1
2	-56.8	76.4
2	-62.5	97.4
2	-89.4	-97.8
2	30.2	298.7
2	-216.7	34.6
2	31	263.8
2	-27.7	-30.2
2	-290.2	21.6
2	-26.7	215
2	38.3	188.9
2	-76.8	-2.9
2	-306	37.8
2	-76.3	104
2	-186.5	33.9
2	-183.8	199.6
2	-104.2	137.6
3	-74.5	-63.5
3	-198.6	-154.8
3	-135	-94.1
3	-46.7	-109.8
3	3.1	-163.5
3	-189.6	-230.1
3	-220.6	-59.3
3	-208.2	193.1
3	-255.8	-161
3	48.6	-221.7
3	-243.9	-260.9
3	-229.3	-71.3
3	-140.2	-92.8
3	7.9	-131.3
3	-86.3	-34.5
3	-14.8	-79.3
3	22.1	-110.5
3	-190	-113.7
3	-334.5	42.9
3	-65.2	-154.8
3	-193.8	-189.4
3	5.4	-295.4
3	-50.5	-37.3
3	-93.8	-193.9
3	-169	-59.4
3	-89.1	-54.2
3	-156.2	-36.1
3	-43.7	-245.4
3	-186.6	-57.2
3	-44.6	-100.3
3	-131.4	7.8
3	-235.8	61.1
3	-58.8	-75.1
3	-302.8	-83.2
3	136	-12.7
3	28.6	-7.3
3	-116.3	-248.3
3	-78.4	-145.1
3	-149.1	-146.3
3	-89.1	-152.4
3	-78.6	-124.2
3	-75.2	-193.9
3	-89.3	-51.7
3	-107	-48.8
3	-56.3	-48.3
3	-34.2	-150.8
3	-239.7	-188
3	76.7	-61
3	-118.3	-82.6
3	-6.4	38.6
3	-46.6	128.5
3	92.6	-159.5
3	-171.4	-32.8
3	32.7	-126.8
3	11.5	-145.1
3	18	-58.2
3	72	-130.9
3	-247.4	-134.4
3	133	-92.3
3	-153.3	-28.6
3	-71.1	-136.9
3	-129.5	-141.8
3	-168.4	-14.5
3	-44.3	7.3
3	-179.6	-165.7
3	-49	-183.7
3	-112.9	-205
3	-119.4	-81.7
3	9.8	40.6
3	-42.7	-140
3	-200.7	-89
3	-4.2	-157.2
3	-280.8	-41.6
3	-246.9	-113.5
3	-103.3	-83.1
3	-63.6	-128.7
3	2.4	-182.8
3	-193.9	-202.7
3	-121.9	-183.3
3	-40.9	-54.2
3	-82.3	-59.8
3	-207	24.7
3	-313.7	-51.5
3	54.4	-24.3
3	68.5	-48.4
3	9.4	-210.3
3	-326.2	-125.4
3	-129.3	76.4
3	-206.3	-9.5
3	-78.4	-34.1
3	-72.1	40.6
3	-13.2	-128.5
3	67.8	-93.7
3	-235.6	-130.3
3	-143.5	-108.5
3	-162.2	-23.5
3	-93.4	-0.5
3	8.7	-271
3	-127.8	-218.6
3	12.7	104.5
3	44.3	-83.9
3	-139.4	-284.1
3	-274.1	-53.7
3	-105.4	90.6
3	-95.3	-138.8
3	-86.8	88.8
3	-39	-185.3
3	-103.4	-203.7
3	11.2	-313.5
3	-126.6	-200
3	-155.3	-66.3
3	-211.4	-140.7
3	-203.9	-181.4
3	-86.2	-164.6
3	-98	8
3	-95.9	-88.8
3	-10.3	-66.4
3	-73.1	-40.9
3	55.5	-118.4
3	-89.7	-41.2
3	-69.2	-126
3	-184	-9.9
3	10.6	90.1
3	-144.9	-69.8
3	70.2	-169.5
3	-123.8	-155.8
3	-121.8	-215.2
3	-128.7	-173.6
3	-78.5	17.9
3	-294.3	44.7
3	-5.5	-13.6
3	-69.2	-68.1
3	-193.1	5.7
3	-185.6	-6.9
3	17.8	-33.1
3	-104.9	-92.5
3	-24.4	-228.8
3	-75.8	-57
3	-119.2	-342.7
3	-84.1	-81.5
3	-48.2	-198.2
3	-88.6	-153.4
3	65	-105.3
3	-241.5	-206.6
3	-33.4	1.5
3	-150.8	-128.4
3	-192.5	-257.6
3	158.1	-82.8
3	-207.9	-186.7
3	-2.4	-60.6
3	-221.8	-158.3
3	-181.6	-120.7
3	-109.2	-72.4
3	-152.4	-27.9
3	-194.2	-44.5
3	-166.7	23.3
3	-72.9	-96.6
3	-3.6	-151.3
3	121.3	53.2
3	-50.1	-67.7
3	19.5	-212.6
3	113.5	-33.2
3	-127.6	-212.9
3	35.9	56.3
3	-152.4	-57.4
3	-65.9	-182.9
3	-75.2	-133.4
3	-107.3	-219
3	-93.8	188.7
3	-95.9	-105.8
3	-11.7	-73.3
3	-73.7	-160.9
3	-152	-42.7
3	-31.9	-23.2
3	104.7	-123.1
3	35.4	-138.5
3	-208.6	-66.9
3	-169	-100.1
3	-299.1	-6.3
3	-128.5	-121
3	-35.7	-210.2
3	-206	-31.3
3	-21.1	-70.8
3	-190.2	145.8
3	-224.3	-48
3	-177.8	55.2
3	-85.8	-59
3	-84.2	-83.2
3	-171.3	-136.1
3	-260.5	-112.4
3	-187.4	-168.5
3	-135.5	-236.7
3	-235.7	-47.4
3	-144.8	16.4
3	-82.7	-191.5
3	-106.8	-266.3
3	-50.5	-104.5
3	-53.9	-73.3
3	-44.8	-92.7
3	4.2	-72.6
3	-51.4	91.6
3	-221.2	-161.3
3	-242.6	-115.3
3	-16.6	-125.5
3	-76.1	-82.6
3	-235.3	-111.7
3	-65.1	-189.8
3	-101	-102.6
3	-254.9	-230.1
3	-161.9	38.4
3	-73	-183.3
3	-179.9	-80.8
3	-142.3	-136.4
3	41.7	-67.5
3	191.4	-153.5
3	-155.1	-155.8
3	-72.1	-186.7
3	-143.2	-174.1
3	35.3	-7
3	-245.1	-177
3	-216	-215.7
3	-131.9	-88.4
3	48.2	-42.3
3	-165.8	-248.5
3	-248.5	-84.5
3	-175.7	-13.7
3	-133.3	-86
3	-185.4	-178.8
3	-317.6	-108.4
3	-23.4	-81.7
3	-38.3	-16
3	-160	-177.2
3	-117.5	-135.6
3	-79.8	-203
3	-75.5	-129.4
3	-94.7	-201.3
3	-263.1	-152.4
3	-6.8	-100.8
3	-86.3	-130.1
3	-182.9	7.6
3	-92	-91.1
3	-63.8	90.2
3	-44.5	-115.5
3	-108	33.7
3	-75.8	-98.2
3	-76.6	-248.1
3	-85.4	-78.5
3	-110.7	12
3	-41.8	114.9
3	26.3	-176.3
3	-100.4	-200.1
3	-160.1	-101.5
3	-158.5	8.9
3	95.2	61.4
3	-122	-119.1
3	-8.4	-242.8
3	-142.7	-74.9
3	-31.8	42.9
3	-62.4	-5.6
3	-184.4	-43.9
3	61.4	-69.3
3	12	-3.5
3	16.4	-125.8
3	-39.8	-183.1
3	-145.8	-21.4
3	-135.2	-51.1
3	-140.9	-87.8
3	-96.6	-246.6
3	-172.3	-76.3
3	-228.5	-155.4
3	32.8	-157.7
3	-178.3	-19.4
3	-166.3	-15.5
3	-20	-121.3
3	-79.4	47.6
3	-124.2	-77.3
3	-81.4	-11.4
3	-19.3	-157.5
3	80.2	-208.4
3	30.6	-160.2
3	-221.4	-209
3	-72.7	-76.6
3	-86.8	-127.3
3	-252.9	-269.8
3	-70.5	-48.2
3	-78.5	-136.3
3	-214	-48.6
3	-138.5	-0.6
3	-229.4	1.2
3	11.3	-278.1
3	108.7	115.8
3	-255.4	-105.2
3	-169.5	-72.6
3	50.7	-40.8
3	-229.7	-14.4
3	97.5	14.1
3	-216.7	19.8
3	-7.6	-90.2
3	-132.5	-182.9
3	7.2	-156.8
3	-115.6	111.9
3	103	70.2
3	-96.7	-91.8
3	1.4	-54.9
3	-44	-152.9
3	-96.1	-69.3
3	-139.6	-106.9
3	-114.7	-3.9
3	1.6	-27.3
3	-137.1	-84.4
3	-200.8	-4.1
3	-114	-50.6
3	-297.7	-109.9
3	-84.5	-150.6
3	-57.2	64.3
3	-63.5	-60.2
3	-30.3	-137.5
3	33.6	-135.6
3	-129.1	-139.4
3	-152.7	-67.9
3	-285.1	-190.8
3	-28.8	-183.9
3	15	-89.1
3	-186.9	-196.7
3	-18.8	-130.6
3	-43.7	-198.6
3	-203.8	-70.7
3	-138.3	-209.8
3	-161.7	-33.3
3	-52.2	-149.7
3	-23.6	-200.8
3	-184.8	-91.9
3	-160.9	-208.4
3	-137.7	-129.1
3	-123.2	-22.7
3	-41	69.9
3	-101.7	-163.4
3	143.4	-206.9
3	36.7	-104.5
3	-57.5	-305.1
3	-170	-47.5
3	-111	-75.5
3	-233.4	-175.9
3	-239.8	-182.3
3	-80.7	-42.4
3	-214.3	-36.1
3	-132.2	-23.2
3	-64.3	-156.2
3	-271.5	-109.2
3	-246.9	-262.3
3	-127.5	139.2
3	-187.6	-46
3	-125.7	116.1
3	-136.3	-119.2
3	-7.7	36
3	-214.2	52.5
3	-33.7	-39.3
3	-139.9	78.3
3	-177.8	-212.1
3	-146.6	-86.5
3	-305.2	-134.9
3	-126.1	-144
3	44.5	-48.4
3	-53.7	-120.5
3	-40.9	-161
3	13	20.4
3	-144.8	87.5
3	-174.4	-190.3
3	-174.2	-105.7
3	-304.3	-75.7
3	-125.4	-162.3
3	5.2	-98.1
3	-200.2	-178.5
3	-168.5	41.5
3	-219.6	-179.7
3	-123.4	-242.9
3	-126.7	-90.2
3	-183	-176.4
3	-118.8	-25.9
3	-67.9	-100
3	-214.2	-97.8
3	-28.5	-360.2
3	-56.4	84
3	-43.2	-295
3	-127.8	-100.7
3	-33	-226.1
3	150.2	-184.8
3	86.5	-196.1
3	-149.6	30.7
3	-75.9	-170.7
3	-315.8	-117
3	-6.7	51.1
3	-197.6	-27.6
3	10.5	-160.4
3	-298.3	-17.5
3	-64.8	-148.7
3	0	-49.4
3	-26	39.1
3	-151.7	-76.9
3	-263.8	59.5
3	-168.3	-4.2
3	-43.5	56.2
3	-99.2	-288.3
3	-131.1	63
3	-35.8	-32.5
3	-112.9	-40
3	-103.2	63.9
3	-82.7	-109.6
3	-12.3	-62.7
3	47	-112.6
3	-46.6	-189
3	-285.6	29.9
3	-63	-150.5
3	-239.1	-266
3	-183.1	-31.4
3	-155.3	-112.7
3	-209.4	-34.7
3	-178	-151.4
3	84.9	-2.4
3	-98.2	53.5
3	-263.8	230.4
3	50.1	-130.8
3	-194	-14.6
3	-30.4	-164.2
3	-118.6	-196.5
3	24.1	-232.3
3	-156	23.1
3	-246.9	-127.3
3	-418.3	-137.9
3	-130.1	-105
3	5.1	-230.7
3	-125.1	192.6
3	-267.2	-243.8
3	-153.9	-214.9
3	-265	-261.4
3	-204.3	-138.3
3	-158.5	-143
3	76	-152.3
3	-194	22
3	-148.7	-109.6
3	-215.7	-142.8
3	-67.6	151.8
3	-182	-198.8
3	-107.8	-106.8
3	132.1	-218.3
3	32.3	-198
3	-12.1	-85.8
3	-167.3	-169.3
3	0.5	8.9
3	12	-102.1
3	-133.1	-16.2
3	3.2	-127.4
3	-55.7	-26.4
3	-271.6	-54.4
3	72.7	-99.8
3	-38	24.4
3	-2.8	-140.5
3	-82.5	-112.3
3	-75.9	13.2
3	-148.3	-142.8
3	-214.9	-25.8
3	-118.4	-273.5
3	-212.9	-47.6
3	-22.9	-205.7
3	-163.4	-76.9
3	-104.4	-200.6
3	-97.3	-106.7
3	53.7	-54.1
3	10.8	-29.7
3	-95.7	-108.3
3	-83.4	-296
3	1.9	-96.3
3	29.6	116
3	-140.1	-136.9
3	37.1	-166.7
3	48.8	-226
3	26.9	33.3
3	-111.6	-132.3
3	-5.4	71.4
3	-259	-14.4
3	-146.5	-211.1
3	-4.9	-173.9
3	-211.6	-47.8
3	33.8	-17.7
3	-41.6	-46.8
3	-273.1	16.9
3	-103.2	-50.1
3	-195.4	-106.1
3	-94	-111
3	-226	-29.8
3	-31.7	-2.9
3	92.5	-54.7
3	-303.5	-127.1
3	-93.6	-145.1
3	-0.8	-91.5
3	-192.6	-146.7
3	-162.8	-195.8
3	54.8	68.3
3	121.7	-291.6
3	-145.5	-104
3	-40.8	7.8
3	-79.4	-185.3
3	-124.1	-183.7
3	180.4	-217.3
3	-83.4	-55
3	-57.9	-186.1
3	-195.8	-79.7
3	-163.2	-195.7
3	-46.6	-65.8
3	-112.7	-46.2
3	-67.6	-27.2
3	-207.6	-107
3	56.1	-101.2
3	-35.1	-137.6
3	-28.2	-51.7
3	-99.4	-253.4
3	-220.1	-110.3
3	156.7	190.2
3	30.3	-88.7
3	-40.2	-120.5
3	-278.9	-124.2
3	-37.1	-272.8
3	4	-18.1
3	10.2	28.4
3	-24.7	-49
3	-92.1	72.3
3	-246.3	-109.8
3	-171	-212.6
3	-28.7	-83
3	-74.2	70.7
3	-81.3	-69
3	10.3	-142.3
3	-80.5	-154.4
3	9.3	37.7
3	-70.7	-176.7
3	-18.6	-98.1
3	98.8	-62.4
3	-63.9	-239.8
3	-83	-244.2
3	-153.6	-141
3	-41.4	-267.3
3	-32.1	-108.9
3	-136.5	-134.7
3	-252.2	-184
3	-75.2	-61.7
3	-335.7	-74.3
3	23.5	-76.6
3	-40.8	-166.9
3	-51.1	-360.2
3	-128.2	-99.2
3	-324.1	-78.9
3	51.7	-81.3
3	-98.3	-72.7
3	19.1	-160.3
3	37.6	92.8
3	-283.4	-124.4
3	-223.4	-163.6
3	14.6	-225.1
3	-85.4	-15.2
3	-50.1	-180.3
3	-71.8	-98.1
3	-155.6	-156.7
3	-131	-154.7
3	-208	-60.7
3	-289.7	-87.4
3	26.9	-15
3	70.8	-63.2
3	-144.2	40.3
3	18.5	-284.6
3	1.1	-49
3	-95.6	1.6
3	24.8	-165.1
3	134.7	62.7
3	-113.5	-18.9
3	-201.5	-148.3
3	-39.5	-144.8
3	-89.3	-195.7
3	-43.3	60.3
3	20.9	-276.6
3	-55.6	-153.8
3	-92.7	56.4
3	-102.6	-19.3
3	-138.6	-234.8
3	-164.3	-11.8
3	-69.7	-27.7
3	-260.6	-56.3
3	-64.2	-28.5
3	25.5	6.6
3	-115.4	3.7
3	-141.2	-153.7
3	57.8	-96.2
3	-189.9	-97.2
3	-57.2	-159.3
3	-216.7	-110.9
3	-55.3	-102.7
3	-30.8	-29.2
3	-213.8	-32.8
3	-96.5	-277.1
3	-244.3	24.1
3	-143.9	-121
3	-200	-124.4
3	-146	73.1
3	-66.1	73.4
3	-43	-256.4
3	-84.4	-121.9
3	-155.3	-132.5
3	-150.7	-240.7
3	-116.9	-183.9
3	-202	32.9
3	-99.9	-27.3
3	-296.7	-311.1
3	-50	-62.9
3	-238.3	-26.8
3	-83.5	-191.1
3	-89.2	11.5
3	-192.5	77.6
3	-33.9	-31.9
3	-158.8	-68.4
3	-189.8	-191.7
3	-102.4	-75.9
3	-137.1	-226.2
3	-129	-115.1
3	-211.1	-84.9
3	-262	-280.6
3	-70.9	-74.7
3	-133	-51.2
3	-120.7	7.3
3	-33.2	-18.9
3	-48	-28.6
3	-13.8	-368.4
3	-161.6	-157.6
3	-127.5	-20.5
3	-150.7	112.3
3	-156.2	-51.9
3	-26.8	-200.8
3	-185.6	-354.2
3	-68.3	-149.7
3	-148.7	-126.6
3	-192	1.3
3	-235.2	-201.3
3	48.3	-47
3	-70	-176.2
3	44.4	-119.6
3	-113.9	-111.4
3	-135.5	-127.4
3	-109.7	-67.5
3	-123.4	-166.5
3	-223.1	-132.4
3	-42.4	-18.8
3	-88.9	144.2
3	-45.2	-253
3	-2.9	-36.3
3	-141.5	-146.6
3	-108.7	-60.6
3	-182.1	-102.5
3	-122.5	-20.2
3	-136.7	-78.2
3	-384.9	-280.5
3	-34.8	61.2
3	-66.4	-110.2
3	-153.4	-127
3	-92.7	-77.8
3	-164	-173.6
3	-45.4	-84.5
3	-143.4	-92.2
3	-4.6	22.8
3	-68.3	-119.4
3	-193.3	-146.6
3	-152.1	-204.7
3	-38.5	1.1
3	-217.6	-163.5
3	-180.8	-34
3	-199.6	35.3
3	-136.2	-284.5
3	77.5	-264.5
3	-95.3	83.2
3	-120.9	-62.4
3	-184.5	-224.7
3	-78.9	-122.9
3	-8.7	-189.8
3	-8.6	-228.1
3	-144.2	-103.4
3	-49	-184.8
3	-166.1	-69.4
3	-103.5	-274
3	-11.3	90
3	-56.4	-171.3
3	-63	79.2
3	-109.4	-295.7
3	108.2	-173
3	-119	-121.3
3	-119.5	16.5
3	-188.1	-77.5
3	172.9	-121.2
3	-59.2	-70
3	-31.3	-193.5
3	-36.5	-55.9
3	41.9	11.4
3	6.9	-101.3
3	-82.2	-188.2
3	-231.8	-124
3	-80.4	-47.5
3	-169.7	168.6
3	-178.3	-130.4
3	-156.5	-267.3
3	1.6	-48.8
3	212.2	1.1
3	-160.4	8.9
3	-115.8	-75.7
3	-121.1	-75.8
3	-75.8	-178.2
3	-207.3	9
3	-196.3	33.1
3	-75.3	-59.8
3	-197.5	-48.7
3	-171.8	-113.2
3	-123.3	-118.1
3	-181.6	-102
3	-86.7	-58.7
3	-102.8	0.3
3	-232.3	20.5
3	-217.4	-116.7
3	62.6	-234.2
3	-2.9	-74.1
3	-58.5	-78.7
3	-150.1	-88.7
3	-93.6	-105.2
3	-119.2	-127.8
3	-179.3	-126.7
3	-220.8	-120.7
3	-97.8	-143.3
3	-154.8	-53.5
3	-19	-54
3	-74.9	-294.8
3	-115.2	-316.8
3	-78.3	-116.1
3	90.2	-218
3	-12.8	-122.8
3	77	-33.3
3	-132.2	-72.7
3	-93.9	-155.7
3	-72.1	75.2
3	-65.6	-115.2
3	-130.5	-164.2
3	-87.1	-167.9
3	-217.2	-222.5
3	-173	-104.1
3	-239.3	-26.8
3	-80.3	-170.5
3	-98.1	-182.5
3	-177.3	-80.2
3	-118.8	-180.8
3	-25.9	-69.7
3	-156.7	-81.2
3	6.8	-87.7
3	-113.1	-221.5
3	46.9	-303.3
3	-59.2	-104.1
3	52.5	22.4
3	-89.6	-10.6
3	-199.3	-275.9
3	37.6	-227.2
3	88.6	1
3	-29	-92.5
3	-35.4	-185.7
3	-209.6	-55.4
3	-145.4	-28.2
3	-64.3	100.8
3	-166.4	-121.4
3	-155.9	-66.2
3	-61.5	42.7
3	-187.6	-150.2
3	-51.2	-223.4
3	-267.3	-48.5
3	-145.6	-106.5
3	-20.8	-59.1
3	-50.2	-52.8
3	34.9	16.4
3	-26.8	-157
3	-106.6	-90
3	-248.2	-215
3	-201.1	-55.4
3	-11.9	-50.4
3	-32.5	-209.5
3	-25.1	-241.6
3	-327.8	-201.7
3	-152.1	210.5
3	-44.8	-137.9
3	67.6	-111.6
3	-247.9	-56.9
3	16.4	-201.8
3	-73.8	63.8
3	-148.8	7.7
3	-59.1	-111.5
3	-163.9	-145.1
3	-254	-127.7
3	-247.2	-60.1
3	-1.5	-155.9
3	-142.4	182.9
3	-49.9	-68.1
3	-135	-18
3	42.9	-111.2
3	-78.7	-1.4
3	-179.6	-125.6
3	-83.5	-137.7
3	-214.8	-24.7
3	-99	-117.7
3	-71.8	-144.8
3	-199	-208.1
3	-128.3	-185.8
3	-154.6	-57.1
3	-111.5	-128.6
3	-198	89.8
3	18.6	-264.5
3	55.5	-104.6
3	-256.4	-317
3	-176.6	-49.5
3	61.6	-49.9
3	-181.7	-176.3
3	-154.1	-122.9
3	-54.9	-183.1
3	43.3	-35.1
3	-150.4	-214.5
3	-194.1	-182.6
3	-82	-81.5
3	83.7	-133.1
3	-115.9	-207.6
3	-196.4	-80.6
3	21.1	-66
3	-148.5	35.4
3	-89.4	-33.3
3	-136.6	-3.4
3	9.3	-125.1
3	-61.2	-190.6
3	-116.2	-134.7
3	-210.8	-36.7
3	-137.3	-25.2
3	-34.7	-138.3
3	-35.5	-72.7
3	-27.8	61.1
3	-9.4	76.4
3	-64.9	-226.1
3	-11.1	-3.8
3	-99.4	-145.1
3	-196	-186.9
3	-145.6	-181.8
3	-132.5	-225.2
3	62.7	-53.6
3	-179.1	-94.5
3	-299.6	2.4
3	-172	-100.2
3	-54.5	-203.2
3	-243.6	-243.1
3	-41.9	-137.9
3	-50.7	-225.4
3	-100.9	-115.4
3	-185.9	-79.8
3	-107	-146
3	-196.2	-214.2
3	-153.6	-141.6
3	-1.6	-65.4
3	195.9	81.7
3	-79.1	-6.5
3	-150.7	-23.7
3	-171.7	3.9
3	-25.3	189.8
3	-227.7	46.7
3	-145.7	-76.6
3	-63.3	-168.2
3	-21.7	-130.8
3	-183.6	-123.5
3	-76.6	-51.5
3	-34.8	-177.3
3	223.6	-150.2
3	-85.9	-21.9
3	-52.5	-153.8
3	-15.7	8
3	-180.3	-61.6
3	-170.5	-40.1
3	-77.2	50.1
3	-210.8	-218.2
3	-179.5	-201.3
3	-63.2	-244.2
3	28.3	-136.1
3	-103.5	-215.3
3	27.9	-241.6
3	-326.8	-180.2
3	-290.3	-157.1
3	-181.1	-116.2
3	-72.9	-156.9
3	-34.2	-185.8
3	-128.7	-173.9
3	-50.1	-148.9
3	-304.9	-91.2
3	-128.3	-45.7
3	-46.2	-79.3
3	-14.3	60.3
3	-174.2	-222.9
3	-40.8	-144.2
3	-304.4	-48.5
3	-122.8	-164.5
3	-48.8	-190.4
3	-84.6	-296.1
3	-124.8	-45.7
3	-163.9	-164.2
3	-184.1	-178.1
3	8.1	-154.5
3	-302.2	-160.1
3	-133.8	-184.3
3	-212.6	-229
3	-175.5	-75
3	14.1	35.7
3	-91.6	-221.1
3	38.1	-90.4
3	-140.2	-201.3
3	-130.3	-163.2
3	-37.7	-255.1
3	-68	-263.3
3	-148.9	-136.3
3	-204	110.7
3	9.2	-64.4
3	-178.5	-307.7
3	-140.2	-214.5
3	-261	-1.9
3	-39.7	-5.5
3	30.5	32.6
3	15.2	-117.6
3	-181.5	-66.2
3	-16.7	-46.3
3	23.5	-225.9
3	-82.7	-142.6
3	-100.8	24.6
3	-140.5	-172.7
3	-205.9	-172.1
3	37.1	-282.3
3	-11.1	-149
3	-134.5	-166.1
3	-119.8	-53.5
3	-115.3	-166.9
3	-50.2	-14.3
3	-84.9	-112.6
3	-148.1	-49.5
3	-75.8	-126.9
3	-34	118.2
3	13.1	-153.2
3	-155	-141.8
3	-106.4	-125.4
3	-74.2	-80.5
3	-318.9	-1.4
3	-136.7	-148.8
3	-213.9	-42.5
3	36.4	-195.4
3	-137.5	-182.7
3	-171	-77.4
3	27.6	-184.1
3	-61.7	-87.1
3	-146.8	-211.5
3	16.9	-146.8
3	-185.2	-164.2
3	-167.9	-133.2
3	-138.2	-22.7
3	-144.5	-169.8
3	23.7	6
3	-148.8	-33.1
3	-122.8	-134.2
3	-72	-129.9
3	27.3	-3.2
3	-143.4	-138.7
3	117.5	-11.8
3	-108.5	-15
3	116.4	-62.4
3	-42.8	18.9
3	-70.4	-33
3	-204.3	-29.7
3	-109.1	-61.4
3	52.3	22.9
3	-101.6	-180.2
3	156.8	-118.9
3	30.4	-99.2
3	-60.8	-211.4
3	-79.6	-17.4
3	68.1	-98.5
3	-201.1	-60.7
3	19.2	-167.7
3	-159.1	-86.9
3	-215.1	11.3
3	-169.4	-46.1
3	-2.5	32.5
3	-159.8	-289.8
3	-22	86.7
3	-9.5	-84.1
3	-196.2	-17
3	74.7	-267.7
3	-185.1	26.7
3	-245.2	-6.4
3	-137.2	-218.3
3	55.8	87.9
3	-122	-111.5
3	-29.6	-133.9
3	18.9	7.8
